# Created by Octave 4.2.1, Wed Apr 19 12:34:23 2017 GMT <unknown@unknown>
# name: Whi
# type: matrix
# rows: 5
# columns: 1
 -2.138516411300241
 -2.577659235561481
 1.077275523107417
 -0.5009334523802249
 -0.4268402878167819


# name: Woh
# type: matrix
# rows: 1
# columns: 5
 2.566915328218319 -1.784375321605727 1.845020904677987 -0.240765387536702 -0.4225970480864256


# name: bias_hi
# type: matrix
# rows: 5
# columns: 1
 6.907076662581841
 0.1857742462269294
 -6.177586183656934
 0.1713697329835229
 -0.4889729100123302


# name: bias_oh
# type: scalar
-1.297937209335525


# name: Eav
# type: matrix
# rows: 1
# columns: 500
 2.474788143154343 2.647469776583386 2.473392955010639 2.646052074593356 2.471998637714084 2.644635139051635 2.470605191243686 2.643218970201448 2.469212615576363 2.641803568283631 2.467820910686946 2.640388933536633 2.466430076548239 2.638975066196536 2.465040113130969 2.637561966497024 2.463651020403768 2.636149634669404 2.462262798333276 2.634738070942662 2.460875446884073 2.633327275543366 2.459488966018692 2.631917248695769 2.45810335569763 2.63050799062176 2.456718615879382 2.629099501540888 2.45533474652041 2.627691781670357 2.453951747575165 2.62628483122503 2.452569618996089 2.624878650417448 2.451188360733643 2.62347323945784 2.449807972736274 2.622068598554134 2.448428454950484 2.620664727911918 2.44704980732073 2.619261627734482 2.445672029789542 2.617859298222786 2.44429512229744 2.616457739575545 2.442919084783018 2.615056951989153 2.441543917182939 2.61365693565775 2.440169619431833 2.612257690773141 2.438796191462444 2.610859217524913 2.437423633205589 2.609461516100348 2.436051944590096 2.608064586684496 2.434681125542944 2.606668429460144 2.433311175989123 2.605273044607794 2.431942095851736 2.603878432305719 2.430573885051984 2.602484592729988 2.429206543509181 2.601091526054396 2.427840071140707 2.59969923245049 2.426474467862076 2.598307712087646 2.425109733586914 2.596916965132976 2.42374586822697 2.595526991751388 2.422382871692114 2.594137792105592 2.421020743890377 2.592749366356094 2.419659484727883 2.591361714661184 2.418299094108947 2.589974837176986 2.416939571936017 2.588588734057407 2.415580918109687 2.587203405454192 2.414223132528753 2.585818851516904 2.412866215090143 2.584435072392961 2.411510165688981 2.583052068227549 2.410154984218556 2.58166983916374 2.408800670570349 2.580288385342448 2.407447224634065 2.57890770690246 2.406094646297574 2.577527803980361 2.404742935446945 2.576148676710624 2.403392091966475 2.574770325225596 2.402042115738697 2.573392749655492 2.400693006644325 2.572015950128395 2.39934476456233 2.570639926770297 2.397997389369901 2.569264679705023 2.396650880942492 2.567890209054348 2.395305239153777 2.566516514937911 2.393960463875686 2.565143597473262 2.39261655497842 2.563771456775878 2.391273512330437 2.562400092959109 2.389931335798437 2.561029506134255 2.388590025247438 2.559659696410538 2.38724958054071 2.558290663895083 2.385910001539816 2.556922408692979 2.384571288104605 2.555554930907253 2.383233440093233 2.554188230638855 2.381896457362153 2.552822307986706 2.380560339766141 2.551457163047696 2.379225087158265 2.550092795916636 2.37789069938994 2.548729206686338 2.376557176310867 2.547366395447543 2.375224517769102 2.546004362289028 2.373892723611038 2.544643107297498 2.372561793681424 2.543282630557685 2.371231727823313 2.541922932152278 2.36990252587817 2.540564012161995 2.368574187685769 2.53920587066554 2.367246713084268 2.537848507739617 2.365920101910207 2.536491923458953 2.364594353998467 2.535136117896302 2.363269469182365 2.533781091122429 2.361945447293547 2.532426843206129 2.360622288162077 2.531073374214224 2.359299991616439 2.529720684211605 2.357978557483479 2.528368773261165 2.356657985588471 2.527017641423874 2.355338275755092 2.525667288758721 2.354019427805462 2.524317715322817 2.352701441560104 2.522968921171266 2.35138431683798 2.521620906357303 2.350068053456502 2.52027367093221 2.348752651231476 2.518927214945332 2.347438109977234 2.517581538444142 2.346124429506474 2.516236641474167 2.34481160963041 2.514892524079041 2.343499650158698 2.513549186300489 2.342188550899466 2.512206628178384 2.3408783116593 2.510864849750615 2.339568932243273 2.509523851053287 2.338260412454967 2.508183632120575 2.336952752096429 2.506844192984823 2.335645950968196 2.505505533676422 2.334340008869327 2.504167654223964 2.33303492559734 2.502830554654166 2.331730700948322 2.501494234991892 2.33042733471684 2.500158695260153 2.329124826695991 2.498823935480113 2.327823176677414 2.497489955671125 2.326522384451256 2.496156755850675 2.325222449806208 2.494824336034431 2.323923372529507 2.493492696236221 2.322625152406923 2.492161836468071 2.321327789222795 2.490831756740204 2.320031282760021 2.489502457061018 2.318735632800058 2.488173937437104 2.317440839122917 2.486846197873261 2.316146901507193 2.485519238372475 2.314853819730051 2.484193058935987 2.313561593567264 2.482867659563198 2.312270222793157 2.481543040251772 2.310979707180679 2.480219200997587 2.309690046501378 2.478896141794757 2.308401240525366 2.47757386263559 2.307113289021402 2.476252363510695 2.305826191756863 2.474931644408894 2.304539948497712 2.473611705317251 2.303254559008551 2.472292546221113 2.301970023052625 2.47097416710405 2.300686340391771 2.469656567947928 2.299403510786529 2.468339748732896 2.298121533996037 2.467023709437308 2.296840409778071 2.465708450037867 2.295560137889107 2.46439397050952 2.294280718084246 2.463080270825555 2.293002150117251 2.461767350957484 2.291724433740585 2.46045521087518 2.290447568705352 2.459143850546771 2.289171554761345 2.457833269938725 2.287896391657045 2.456523469015814 2.286622079139623 2.455214447741116 2.285348616954915 2.45390620607605 2.284076004847496 2.452598743980345 2.282804242560613 2.451292061412099 2.281533329836257 2.449986158327706 2.280263266415079 2.448681034681901 2.278994052036487 2.4473766904278 2.277725686438597 2.446073125516851 2.276458169358257 2.444770339898849 2.275191500531044 2.443468333521985 2.273925679691283 2.442167106332787 2.272660706572028 2.440866658276156 2.271396580905065 2.439566989295358 2.270133302420944 2.43826809933205 2.268870870848982 2.436969988326304 2.267609285917255 2.435672656216529 2.266348547352592 2.434376102939564 2.265088654880596 2.433080328430639 2.263829608225651 2.431785332623398 2.262571407110909 2.430491115449848 2.261314051258315 2.429197676840466 2.260057540388587 2.427905016724117 2.25880187422126 2.426613135028077 2.257547052474641 2.425322031678073 2.256293074865859 2.424031706598259 2.255039941110856 2.422742159711236 2.253787650924369 2.421453390938015 2.252536204019956 2.420165400198094 2.251285600109998 2.418878187409358 2.2500358389057 2.417591752488224 2.248786920117093 2.416306095349496 2.247538843453056 2.415021215906504 2.246291608621283 2.413737114071004 2.245045215328352 2.412453789753257 2.243799663279664 2.411171242861991 2.242554952179467 2.409889473304395 2.241311081730866 2.408608480986154 2.240068051635848 2.40732826581147 2.238825861595246 2.406048827683001 2.237584511308755 2.404770166501924 2.236344000474983 2.403492282167941 2.235104328791404 2.402215174579257 2.233865495954364 2.400938843632571 2.232627501659111 2.399663289223125 2.231390345599773 2.398388511244639 2.230154027469369 2.397114509589402 2.228918546959843 2.395841284148248 2.227683903762053 2.394568834810512 2.226450097565722 2.393297161464082 2.225217128059541 2.392026263995379 2.223984994931079 2.390756142289427 2.222753697866854 2.389486796229735 2.221523236552303 2.388218225698415 2.2202936106718 2.386950430576111 2.219064819908642 2.385683410742068 2.217836863945096 2.384417166074087 2.216609742462342 2.383151696448556 2.215383455140536 2.381887001740427 2.214158001658771 2.380623081823245 2.212933381695116 2.379359936569164 2.211709594926586 2.378097565848908 2.210486641029171 2.376835969531783 2.209264519677823 2.37557514748576 2.208043230546486 2.374315099577355 2.206822773308071 