# Created by Octave 4.0.0, Tue Apr 18 08:17:19 2017 BRT <adriano@ubuntu-ntbk>
# name: Whi
# type: matrix
# rows: 5
# columns: 1
 -1.158884829721948
 -0.4278208679055592
 -0.2831239929671114
 -0.3101641533333385
 -0.2595914611046308


# name: Woh
# type: matrix
# rows: 1
# columns: 5
 1.954093598816872 -0.6662201358950568 0.3882424813500563 -0.1736516708737056 -0.3783358773745691


# name: bias_hi
# type: matrix
# rows: 5
# columns: 1
 3.304982982244324
 -0.03111911183223398
 0.8727565687031917
 -0.3310513018576651
 -0.7439634105786095


# name: bias_oh
# type: scalar
-0.8218573875943297


# name: Eav
# type: matrix
# rows: 1
# columns: 200
 26.96915849396028 26.98376221556189 26.97852715181231 27.03411648806382 27.06139690624337 27.17488350982749 27.24358050031989 27.44319889121073 27.56447149738666 27.89193075328771 28.07225645659006 28.5795065110518 28.80338922245031 29.53362198432077 29.73359259421101 30.67573152595797 30.70871519348648 31.74119896857371 31.4282629463504 32.32648716070579 31.58943396330618 32.15872489952275 31.12931780860105 31.34724843866567 30.27868254000765 30.26851031722539 29.35035905594166 29.24986829040389 28.54105061390143 28.43171668490384 27.90907941936808 27.82195030462417 27.43883671372537 27.37975577486612 27.09405643831609 27.06026412321723 26.84102518930325 26.82823879194246 26.65428949756951 26.65889968631749 26.5159657566421 26.53537170592249 26.41363933644642 26.44601967863772 26.33843638595116 26.38240690270233 26.28357764628879 26.33786724743624 26.24337104819053 26.30655051995292 26.21255533274297 26.28283571411443 26.18593805894021 26.26105983062071 26.15830044880379 26.23553702254533 26.12454436321678 26.20083271976227 26.08003052703385 26.15221606859894 26.0210143897775 26.08616347504486 25.94505132859125 26.00075873077743 25.85124261733293 25.89585771575011 25.74023933845501 25.77295947752859 25.61399923160464 25.63482137326251 25.47536771239941 25.48493065715258 25.32759634378004 25.32696856202096 25.17390783870586 25.16437547287011 25.01717830038203 25.00007107316457 24.85975890880044 24.83633004127745 24.70342097630664 24.67477977395477 24.54938876572816 24.5164748232693 24.39842171250906 24.36200691980923 24.25091490521857 24.21162095764519 24.10699720430102 24.06531957299522 23.96661599362785 23.92294863343874 23.82960453415952 23.78426224292298 23.69573211669609 23.64896924870892 23.56473930433463 23.51676460856187 23.43636126365752 23.38734917087281 23.31034212401715 23.26044103710805 23.18644289554446 23.13578108456207 23.06444496513996 23.01313462510484 22.94415070119213 22.89229065028134 22.8253822837825 22.7730596913086 22.70797954952216 22.6552710008588 22.59179739208163 22.53876952670351 22.47670307728918 22.42341297735461 22.36257370086218 22.30906916030455 22.24929392454695 22.19561369078981 22.13675406227267 22.08292811270678 22.02484854388068 21.97089843560656 21.91347475416712 21.85941406695259 21.80253222510186 21.7483671030765 21.69192214619084 21.63765193276505 21.58154714997133 21.52716510231595 21.47131132523189 21.41680538898726 21.36112040883247 21.30647403024742 21.25088210741267 21.19607505858465 21.14050650243167 21.08551569549235 21.0299064956043 20.97470676331309 20.91899825663019 20.86356307962465 20.80770164089591 20.75200380549881 20.69594055126857 20.63995272594932 20.58364322487715 20.52733844789145 20.4707424325569 20.41409450764586 20.35717558508907 20.30015938614447 20.24288474620775 20.1854764353018 20.12781655733423 20.06999372332371 20.01192208297559 19.95366380994932 19.89515658860581 19.83644346474302 19.77747926464529 19.71829334263394 19.65885291093526 19.59917763105983 19.53924359601303 19.47906368247474 19.41862030469753 19.35792164481507 19.29695458619221 19.2357241009783 19.17422021329423 19.11244572664056 19.05039286154846 18.9880629739803 18.9254498154507 18.86255378722137 18.79936970721247 18.73589735445265 18.67213229223125 18.6080738989858 18.54371826431332 18.47906451260751 18.41410911289777 18.34885103246703 18.28328702400715 18.21741596299057 18.15123482638559 18.08474244408991 18.01793598421808 17.95081426697626 17.8833746379015 17.81561593903765 17.74753569448537 17.67913279940927 17.61040496954039 17.54135118699456 17.4719693822693 17.40225866268596


