# Created by Octave 4.0.0, Thu Apr 20 10:58:24 2017 BRT <adriano@ubuntu-ntbk>
# name: Whi
# type: matrix
# rows: 10
# columns: 1
 -1.736081882932819
 -2.835085338371037
 -4.998333384780019
 -1.913818804561495
 -2.355359454279478
 -3.193244472987887
 -6.104361315617756
 -3.026935396716255
 -3.597041363485934
 -3.444373085094172


# name: Woh
# type: matrix
# rows: 1
# columns: 10
 -2.974739142596075 5.460291697254431 0.4730924745381846 6.630160754414722 1.893950464526972 5.282097833842478 3.591338422294291 5.393616688148922 5.001518335662136 -3.98290534880184


# name: bias_hi
# type: matrix
# rows: 10
# columns: 1
 -0.3973736518523129
 -2.991669916667532
 -2.583522786827855
 -3.038893492391427
 6.890136235303346
 -2.97803721625103
 -2.935033486732788
 -2.982162245011035
 -2.994625513468899
 -0.6003070501440804


# name: bias_oh
# type: scalar
-0.7373530128083079


# name: Eav
# type: matrix
# rows: 1
# columns: 3000
 0.002398965035097532 0.002398288626394314 0.002397940948533301 0.002397782626254446 0.002397634567855786 0.002397518036200573 0.002397416131235157 0.002397326905212508 0.002397246273687349 0.002397172192547926 0.002397103034089405 0.002397037746853264 0.002396975596745032 0.002396916090625085 0.002396858892813781 0.00239680377542473 0.002396750581560822 0.002396699200708406 0.002396649551801364 0.002396601571895562 0.0023965552086682 0.002396510415574832 0.002396467148816512 0.002396425365530792 0.00239638502279593 0.002396346077164428 0.002396308484530791 0.002396272200200948 0.002396237179074357 0.002396203375880312 0.002396170745430834 0.002396139242866974 0.002396108823885025 0.002396079444935623 0.00239605106339292 0.002396023637693716 0.002395997127448019 0.002395971493523386 0.002395946698105921 0.002395922704740794 0.002395899478355209 0.0023958769852665 0.002395855193177838 0.002395834071163736 0.002395813589647326 0.00239579372037106 0.002395774436362341 0.002395755711895289 0.002395737522449687 0.002395719844668019 0.002395702656311307 0.002395685936214337 0.00239566966424081 0.002395653821238781 0.002395638388996702 0.002395623350200359 0.002395608688390847 0.002395594387923775 0.002395580433929774 0.002395566812276409 0.002395553509531526 0.002395540512928064 0.002395527810330349 0.002395515390201847 0.002395503241574383 0.002395491354018753 0.002395479717616776 0.00239546832293464 0.002395457160997598 0.002395446223265918 0.002395435501612015 0.002395424988298811 0.002395414675959139 0.002395404557576297 0.002395394626465529 0.002395384876256578 0.002395375300877081 0.002395365894536899 0.002395356651713263 0.002395347567136729 0.002395338635777864 0.002395329852834686 0.002395321213720753 0.002395312714053906 0.002395304349645632 0.002395296116490985 0.002395288010759074 0.002395280028784057 0.00239527216705662 0.002395264422215929 0.002395256791042032 0.00239524927044863 0.002395241857476296 0.002395234549286023 0.002395227343153135 0.00239522023646154 0.002395213226698271 0.002395206311448345 0.002395199488389883 0.002395192755289515 0.002395186109997998 0.002395179550446118 0.002395173074640767 0.00239516668066126 0.002395160366655836 0.002395154130838358 0.002395147971485178 0.002395141886932177 0.002395135875571948 0.002395129935851163 0.002395124066268036 0.002395118265369959 0.002395112531751234 0.002395106864050944 0.002395101260950922 0.002395095721173839 0.002395090243481386 0.002395084826672544 0.002395079469581962 0.002395074171078396 0.002395068930063254 0.002395063745469189 0.002395058616258791 0.002395053541423322 0.002395048519981536 0.002395043550978546 0.002395038633484747 0.002395033766594806 0.002395028949426692 0.002395024181120758 0.002395019460838864 0.002395014787763558 0.002395010161097273 0.00239500558006159 0.002395001043896517 0.002394996551859817 0.002394992103226355 0.002394987697287485 0.002394983333350476 0.002394979010737931 0.002394974728787282 0.002394970486850265 0.002394966284292445 0.002394962120492753 0.002394957994843057 0.002394953906747726 0.002394949855623244 0.002394945840897817 0.002394941862011021 0.00239493791841344 0.002394934009566347 0.002394930134941365 0.002394926294020189 0.002394922486294267 0.002394918711264538 0.002394914968441161 0.00239491125734325 0.002394907577498646 0.002394903928443655 0.002394900309722851 0.002394896720888837 0.00239489316150204 0.002394889631130526 0.002394886129349788 0.002394882655742568 0.002394879209898688 0.002394875791414861 0.002394872399894545 0.002394869034947765 0.002394865696190977 0.00239486238324691 0.002394859095744428 0.002394855833318391 0.002394852595609522 0.002394849382264278 0.002394846192934732 0.002394843027278446 0.002394839884958358 0.002394836765642673 0.002394833669004749 0.002394830594723002 0.002394827542480789 0.002394824511966323 0.002394821502872568 0.002394818514897163 0.002394815547742304 0.002394812601114685 0.002394809674725394 0.00239480676828984 0.002394803881527673 0.002394801014162699 0.002394798165922812 0.002394795336539917 0.00239479252574986 0.002394789733292351 0.002394786958910907 0.002394784202352778 0.002394781463368888 0.002394778741713765 0.002394776037145482 0.002394773349425602 0.002394770678319114 0.002394768023594375 0.002394765385023061 0.002394762762380103 0.00239476015544364 0.002394757563994966 0.00239475498781848 0.002394752426701627 0.002394749880434867 0.002394747348811608 0.002394744831628172 0.002394742328683746 0.002394739839780333 0.002394737364722712 0.002394734903318397 0.002394732455377593 0.002394730020713144 0.002394727599140517 0.002394725190477733 0.002394722794545356 0.00239472041116643 0.002394718040166458 0.00239471568137336 0.002394713334617437 0.002394710999731329 0.002394708676549999 0.002394706364910673 0.002394704064652823 0.002394701775618137 0.002394699497650476 0.002394697230595845 0.002394694974302361 0.00239469272862023 0.002394690493401708 0.002394688268501074 0.0023946860537746 0.002394683849080524 0.002394681654279027 0.002394679469232185 0.00239467729380397 0.002394675127860203 0.002394672971268531 0.002394670823898409 0.002394668685621066 0.002394666556309481 0.002394664435838362 0.002394662324084124 0.00239466022092485 0.002394658126240289 0.002394656039911809 0.0023946539618224 0.002394651891856627 0.002394649829900628 0.002394647775842077 0.00239464572957017 0.002394643690975605 0.00239464165995055 0.002394639636388643 0.002394637620184952 0.002394635611235962 0.00239463360943956 0.002394631614695006 0.002394629626902929 0.002394627645965288 0.002394625671785373 0.002394623704267772 0.002394621743318361 0.002394619788844285 0.00239461784075394 0.002394615898956955 0.002394613963364179 0.002394612033887653 0.002394610110440612 0.002394608192937449 0.002394606281293717 0.002394604375426096 0.002394602475252397 0.002394600580691524 0.002394598691663479 0.002394596808089335 0.002394594929891229 0.002394593056992339 0.002394591189316881 0.002394589326790084 0.00239458746933818 0.00239458561688839 0.002394583769368923 0.002394581926708936 0.002394580088838548 0.002394578255688807 0.00239457642719169 0.002394574603280091 0.002394572783887794 0.002394570968949478 0.002394569158400693 0.002394567352177857 0.00239456555021824 0.00239456375245995 0.002394561958841925 0.002394560169303923 0.002394558383786507 0.002394556602231038 0.002394554824579663 0.002394553050775302 0.002394551280761639 0.002394549514483116 0.002394547751884913 0.002394545992912953 0.002394544237513873 0.002394542485635032 0.002394540737224492 0.002394538992231007 0.002394537250604023 0.002394535512293658 0.002394533777250703 0.002394532045426595 0.002394530316773439 0.002394528591243969 0.002394526868791555 0.002394525149370193 0.00239452343293449 0.00239452171943967 0.002394520008841544 0.002394518301096522 0.0023945165961616 0.00239451489399434 0.002394513194552884 0.002394511497795924 0.002394509803682707 0.002394508112173034 0.002394506423227236 0.002394504736806175 0.00239450305287124 0.002394501371384334 0.002394499692307875 0.002394498015604783 0.002394496341238467 